3000
5
5.73435
6.46404
7.18444
7.89104
8.57948
9.24559
9.88548
10.4955
11.0724
11.6132
12.1153
12.5768
12.9959
13.3713
13.7025
13.989
14.2313
14.4298
14.586
14.7013
14.7777
14.8179
14.8245
14.8007
14.7501
14.6762
14.5831
14.4748
14.3556
14.2297
14.1014
13.9751
13.8548
13.7447
13.6486
13.5702
13.513
13.4799
13.4738
13.4972
13.5519
13.6396
13.7615
13.9183
14.1103
14.3374
14.5989
14.8938
15.2207
15.5777
15.9626
16.3728
16.8054
17.2573
17.725
18.205
18.6933
19.1863
19.6798
20.17
20.6528
21.1244
21.581
22.0189
22.4347
22.8252
23.1875
23.5189
23.8171
24.08
24.3061
24.4941
24.6432
24.7528
24.8229
24.8539
24.8463
24.8013
24.7202
24.6048
24.4571
24.2793
24.0741
23.8441
23.5922
23.3216
23.0354
22.7367
22.4288
22.1149
21.7981
21.4816
21.1681
20.8605
20.5614
20.2731
19.9976
19.737
19.4926
19.2658
19.0576
18.8687
18.6992
18.5494
18.419
18.3074
18.2137
18.1369
18.0757
18.0285
17.9936
17.969
17.9528
17.9427
17.9366
17.9321
17.9269
17.9189
17.9057
17.8853
17.8555
17.8144
17.7602
17.6914
17.6066
17.5045
17.3841
17.2447
17.0857
16.9068
16.708
16.4894
16.2515
15.9947
15.7198
15.428
15.1202
14.7978
14.4621
14.1147
13.7572
13.3912
13.0183
12.6403
12.2587
11.8752
11.4913
11.1085
10.728
10.3512
9.97903
9.61249
9.25232
8.89911
8.55328
8.21507
7.88454
7.56158
7.24592
6.93714
6.63466
6.33778
6.04568
5.75745
5.47209
5.18855
4.90575
4.62257
4.33794
4.05078
3.76007
3.46488
3.16435
2.85774
2.54443
2.22395
1.89596
1.56031
1.217
0.866212
0.508307
0.143815
-0.226557
-0.60194
-0.981308
-1.36349
-1.74719
-2.13098
-2.51337
-2.89277
-3.26755
-3.63605
-3.99659
-4.34753
-4.68727
-5.01426
-5.32708
-5.6244
-5.90502
-6.16792
-6.41225
-6.63735
-6.84278
-7.02828
-7.19387
-7.33977
-7.46642
-7.57453
-7.66502
-7.73901
-7.79786
-7.8431
-7.87647
-7.89983
-7.9152
-7.9247
-7.93054
-7.93498
-7.94032
-7.94884
-7.96279
-7.98434
-8.0156
-8.0585
-8.11486
-8.18629
-8.27419
-8.37973
-8.50383
-8.64714
-8.81001
-8.99249
-9.19435
-9.41501
-9.65363
-9.90903
-10.1797
-10.464
-10.7598
-11.0648
-11.3766
-11.6924
-12.0095
-12.3247
-12.6349
-12.937
-13.2278
-13.504
-13.7624
-14
-14.2138
-14.401
-14.5591
-14.6855
-14.7782
-14.8354
-14.8556
-14.8376
-14.7806
-14.6841
-14.5482
-14.3731
-14.1595
-13.9087
-13.6221
-13.3015
-12.9493
-12.5679
-12.1601
-11.7292
-11.2784
-10.8115
-10.3319
-9.84379
-9.35093
-8.85734
-8.367
-7.88382
-7.41163
-6.95408
-6.51468
-6.09667
-5.70304
-5.33647
-4.99932
-4.69356
-4.42077
-4.18214
-3.9784
-3.80986
-3.67638
-3.57738
-3.51182
-3.47824
-3.47477
-3.49912
-3.54865
-3.62035
-3.71092
-3.81678
-3.93411
-4.0589
-4.187
-4.31417
-4.4361
-4.54851
-4.64714
-4.72786
-4.78667
-4.81979
-4.82366
-4.79503
-4.73095
-4.62885
-4.48653
-4.30225
-4.07467
-3.80293
-3.48664
-3.12589
-2.72126
-2.27378
-1.78497
-1.25679
-0.691633
-0.0923092
0.53801
1.19581
1.87726
2.57828
3.29457
4.02167
4.75498
5.48986
6.22161
6.94562
7.65731
8.35228
9.02628
9.67533
10.2957
10.884
11.4371
11.9524
12.4276
12.861
13.2511
13.597
13.8984
14.1554
14.3684
14.5386
14.6672
14.7564
14.8084
14.8258
14.8118
14.7697
14.7032
14.616
14.5124
14.3963
14.2722
14.1442
14.0167
13.894
13.78
13.6788
13.5942
13.5295
13.4881
13.4727
13.486
13.53
13.6066
13.717
13.8621
14.0424
14.2578
14.508
14.7919
15.1083
15.4555
15.8314
16.2334
16.6589
17.1047
17.5676
18.0438
18.5298
19.0217
19.5155
20.0072
20.4929
20.9687
21.4307
21.8752
22.2988
22.6981
23.0701
23.412
23.7215
23.9964
24.2349
24.4357
24.5978
24.7207
24.8039
24.8479
24.8531
24.8204
24.7512
24.647
24.5098
24.3418
24.1454
23.9233
23.6784
23.4137
23.1323
22.8374
22.5322
22.22
21.9038
21.5869
21.2721
20.9622
20.66
20.3678
20.0879
19.8221
19.5722
19.3394
19.1249
18.9295
18.7535
18.5972
18.4604
18.3425
18.243
18.1607
18.0945
18.0428
18.004
17.9762
17.9574
17.9455
17.9383
17.9335
17.9289
17.922
17.9108
17.893
17.8666
17.8294
17.7798
17.7161
17.6367
17.5405
17.4263
17.2933
17.1409
16.9687
16.7765
16.5645
16.3329
16.0823
15.8134
15.5271
15.2245
14.9068
14.5754
14.2317
13.8774
13.514
13.1432
12.7667
12.3862
12.0031
11.6192
11.2359
10.8545
10.4763
10.1025
9.734
9.37163
9.01605
8.66772
8.32695
7.99386
7.6684
7.35035
7.03934
6.73483
6.43617
6.14257
5.85316
5.56695
5.28293
5
4.71707
4.43305
4.14684
3.85743
3.56383
3.26517
2.96066
2.64965
2.3316
2.00614
1.67305
1.33228
0.983954
0.62837
0.266004
-0.102497
-0.476316
-0.854479
-1.23586
-1.6192
-2.00313
-2.38616
-2.76674
-3.14324
-3.51402
-3.87739
-4.23172
-4.57536
-4.90677
-5.22447
-5.52709
-5.8134
-6.08231
-6.33292
-6.56449
-6.77651
-6.96867
-7.14088
-7.2933
-7.4263
-7.54051
-7.63675
-7.7161
-7.77983
-7.82943
-7.86655
-7.89303
-7.91083
-7.92205
-7.92886
-7.93352
-7.9383
-7.94551
-7.9574
-7.97618
-8.00398
-8.04279
-8.09448
-8.16072
-8.24298
-8.34253
-8.46036
-8.59721
-8.75353
-8.92949
-9.12494
-9.33941
-9.57216
-9.82212
-10.0879
-10.3678
-10.66
-10.9622
-11.2721
-11.5869
-11.9038
-12.22
-12.5322
-12.8374
-13.1323
-13.4137
-13.6784
-13.9233
-14.1454
-14.3418
-14.5098
-14.647
-14.7512
-14.8204
-14.8531
-14.8479
-14.8039
-14.7207
-14.5978
-14.4357
-14.2349
-13.9964
-13.7215
-13.412
-13.0701
-12.6981
-12.2988
-11.8752
-11.4307
-10.9687
-10.4929
-10.0072
-9.5155
-9.02171
-8.52985
-8.04385
-7.56758
-7.10475
-6.65892
-6.23343
-5.83136
-5.4555
-5.10831
-4.79189
-4.50796
-4.25783
-4.04241
-3.86213
-3.717
-3.6066
-3.53004
-3.48599
-3.47271
-3.48807
-3.52952
-3.59418
-3.67885
-3.78003
-3.89397
-4.01673
-4.1442
-4.27215
-4.39631
-4.51236
-4.61605
-4.70319
-4.76974
-4.81183
-4.82583
-4.80838
-4.75642
-4.66725
-4.53856
-4.36843
-4.1554
-3.89845
-3.59702
-3.25106
-2.86096
-2.42761
-1.95238
-1.43708
-0.883961
-0.295692
0.32467
0.973718
1.64772
2.34269
3.05438
3.77839
4.51014
5.24502
5.97833
6.70543
7.42172
8.12274
8.80419
9.46199
10.0923
10.6916
11.2568
11.785
12.2738
12.7213
13.1259
13.4866
13.8029
14.0747
14.3022
14.4865
14.6288
14.731
14.795
14.8237
14.8198
14.7867
14.7279
14.6471
14.5485
14.4361
14.3142
14.187
14.0589
13.9341
13.8168
13.7109
13.6203
13.5486
13.4991
13.4748
13.4782
13.5118
13.5774
13.6764
13.8099
13.9784
14.1821
14.4208
14.6936
14.9993
15.3365
15.703
16.0967
16.5147
16.9541
17.4116
17.8838
18.367
18.8573
19.3509
19.8438
20.3319
20.8115
21.2784
21.7292
22.1601
22.5679
22.9493
23.3015
23.6221
23.9087
24.1595
24.3731
24.5482
24.6841
24.7806
24.8376
24.8556
24.8354
24.7782
24.6855
24.5591
24.401
24.2138
24
23.7624
23.504
23.2278
22.937
22.6349
22.3247
22.0095
21.6924
21.3766
21.0648
20.7598
20.464
20.1797
19.909
19.6536
19.415
19.1943
18.9925
18.81
18.6471
18.5038
18.3797
18.2742
18.1863
18.1149
18.0585
18.0156
17.9843
17.9628
17.9488
17.9403
17.935
17.9305
17.9247
17.9152
17.8998
17.8765
17.8431
17.7979
17.739
17.665
17.5745
17.4664
17.3398
17.1939
17.0283
16.8428
16.6374
16.4123
16.1679
15.905
15.6244
15.3271
15.0143
14.6873
14.3475
13.9966
13.636
13.2676
12.8928
12.5134
12.131
11.7472
11.3635
10.9813
10.6019
10.2266
9.85618
9.49169
9.13379
8.783
8.43969
8.10404
7.77605
7.45557
7.14226
6.83565
6.53512
6.23993
5.94922
5.66206
5.37743
5.09425
4.81145
4.52791
4.24255
3.95432
3.66222
3.36534
3.06286
2.75408
2.43842
2.11546
1.78493
1.44672
1.10089
0.747679
0.38751
0.0209713
-0.351176
-0.728008
-1.10845
-1.49129
-1.87518
-2.25868
-2.64025
-3.0183
-3.39117
-3.75719
-4.11472
-4.4621
-4.79775
-5.12018
-5.42797
-5.71984
-5.99467
-6.25146
-6.48945
-6.70803
-6.90683
-7.08569
-7.24468
-7.38409
-7.50448
-7.6066
-7.69145
-7.76023
-7.81437
-7.85545
-7.88527
-7.90573
-7.91891
-7.92694
-7.93206
-7.93655
-7.9427
-7.95278
-7.96902
-7.99359
-8.02851
-8.07571
-8.13692
-8.2137
-8.30736
-8.419
-8.54945
-8.69925
-8.86866
-9.05764
-9.26585
-9.49261
-9.73697
-9.99764
-10.2731
-10.5614
-10.8605
-11.1681
-11.4816
-11.7981
-12.1149
-12.4288
-12.7367
-13.0354
-13.3216
-13.5922
-13.8441
-14.0741
-14.2793
-14.4571
-14.6048
-14.7202
-14.8013
-14.8463
-14.8539
-14.8229
-14.7528
-14.6432
-14.4941
-14.3061
-14.08
-13.8171
-13.5189
-13.1875
-12.8252
-12.4347
-12.0189
-11.581
-11.1244
-10.6528
-10.17
-9.67983
-9.18629
-8.69334
-8.20496
-7.72502
-7.25731
-6.80543
-6.37281
-5.96261
-5.57772
-5.22072
-4.89383
-4.5989
-4.33739
-4.11032
-3.9183
-3.76149
-3.63959
-3.55187
-3.49716
-3.47384
-3.47992
-3.51297
-3.57024
-3.64861
-3.74469
-3.85481
-3.97508
-4.10144
-4.22971
-4.35561
-4.47484
-4.58312
-4.67623
-4.75009
-4.80075
-4.8245
-4.81788
-4.77774
-4.70126
-4.58597
-4.42984
-4.23125
-3.98902
-3.70245
-3.37131
-2.99585
-2.57679
-2.11535
-1.61317
-1.07238
-0.495506
0.11452
0.754405
1.42052
2.10896
2.81556
3.53596
4.26565
5
5.73435
6.46404
7.18444
7.89104
8.57948
9.24559
9.88548
10.4955
11.0724
11.6132
12.1153
12.5768
12.9959
13.3713
13.7025
13.989
14.2313
14.4298
14.586
14.7013
14.7777
14.8179
14.8245
14.8007
14.7501
14.6762
14.5831
14.4748
14.3556
14.2297
14.1014
13.9751
13.8548
13.7447
13.6486
13.5702
13.513
13.4799
13.4738
13.4972
13.5519
13.6396
13.7615
13.9183
14.1103
14.3374
14.5989
14.8938
15.2207
15.5777
15.9626
16.3728
16.8054
17.2573
17.725
18.205
18.6933
19.1863
19.6798
20.17
20.6528
21.1244
21.581
22.0189
22.4347
22.8252
23.1875
23.5189
23.8171
24.08
24.3061
24.4941
24.6432
24.7528
24.8229
24.8539
24.8463
24.8013
24.7202
24.6048
24.4571
24.2793
24.0741
23.8441
23.5922
23.3216
23.0354
22.7367
22.4288
22.1149
21.7981
21.4816
21.1681
20.8605
20.5614
20.2731
19.9976
19.737
19.4926
19.2658
19.0576
18.8687
18.6992
18.5494
18.419
18.3074
18.2137
18.1369
18.0757
18.0285
17.9936
17.969
17.9528
17.9427
17.9366
17.9321
17.9269
17.9189
17.9057
17.8853
17.8555
17.8144
17.7602
17.6914
17.6066
17.5045
17.3841
17.2447
17.0857
16.9068
16.708
16.4894
16.2515
15.9947
15.7198
15.428
15.1202
14.7978
14.4621
14.1147
13.7572
13.3912
13.0183
12.6403
12.2587
11.8752
11.4913
11.1085
10.728
10.3512
9.97903
9.61249
9.25232
8.89911
8.55328
8.21507
7.88454
7.56158
7.24592
6.93714
6.63466
6.33778
6.04568
5.75745
5.47209
5.18855
4.90575
4.62257
4.33794
4.05078
3.76007
3.46488
3.16435
2.85774
2.54443
2.22395
1.89596
1.56031
1.217
0.866212
0.508307
0.143815
-0.226557
-0.60194
-0.981308
-1.36349
-1.74719
-2.13098
-2.51337
-2.89277
-3.26755
-3.63605
-3.99659
-4.34753
-4.68727
-5.01426
-5.32708
-5.6244
-5.90502
-6.16792
-6.41225
-6.63735
-6.84278
-7.02828
-7.19387
-7.33977
-7.46642
-7.57453
-7.66502
-7.73901
-7.79786
-7.8431
-7.87647
-7.89983
-7.9152
-7.9247
-7.93054
-7.93498
-7.94032
-7.94884
-7.96279
-7.98434
-8.0156
-8.0585
-8.11486
-8.18629
-8.27419
-8.37973
-8.50383
-8.64714
-8.81001
-8.99249
-9.19435
-9.41501
-9.65363
-9.90903
-10.1797
-10.464
-10.7598
-11.0648
-11.3766
-11.6924
-12.0095
-12.3247
-12.6349
-12.937
-13.2278
-13.504
-13.7624
-14
-14.2138
-14.401
-14.5591
-14.6855
-14.7782
-14.8354
-14.8556
-14.8376
-14.7806
-14.6841
-14.5482
-14.3731
-14.1595
-13.9087
-13.6221
-13.3015
-12.9493
-12.5679
-12.1601
-11.7292
-11.2784
-10.8115
-10.3319
-9.84379
-9.35093
-8.85734
-8.367
-7.88382
-7.41163
-6.95408
-6.51468
-6.09667
-5.70304
-5.33647
-4.99932
-4.69356
-4.42077
-4.18214
-3.9784
-3.80986
-3.67638
-3.57738
-3.51182
-3.47824
-3.47477
-3.49912
-3.54865
-3.62035
-3.71092
-3.81678
-3.93411
-4.0589
-4.187
-4.31417
-4.4361
-4.54851
-4.64714
-4.72786
-4.78667
-4.81979
-4.82366
-4.79503
-4.73095
-4.62885
-4.48653
-4.30225
-4.07467
-3.80293
-3.48664
-3.12589
-2.72126
-2.27378
-1.78497
-1.25679
-0.691633
-0.0923092
0.53801
1.19581
1.87726
2.57828
3.29457
4.02167
4.75498
5.48986
6.22161
6.94562
7.65731
8.35228
9.02628
9.67533
10.2957
10.884
11.4371
11.9524
12.4276
12.861
13.2511
13.597
13.8984
14.1554
14.3684
14.5386
14.6672
14.7564
14.8084
14.8258
14.8118
14.7697
14.7032
14.616
14.5124
14.3963
14.2722
14.1442
14.0167
13.894
13.78
13.6788
13.5942
13.5295
13.4881
13.4727
13.486
13.53
13.6066
13.717
13.8621
14.0424
14.2578
14.508
14.7919
15.1083
15.4555
15.8314
16.2334
16.6589
17.1047
17.5676
18.0438
18.5298
19.0217
19.5155
20.0072
20.4929
20.9687
21.4307
21.8752
22.2988
22.6981
23.0701
23.412
23.7215
23.9964
24.2349
24.4357
24.5978
24.7207
24.8039
24.8479
24.8531
24.8204
24.7512
24.647
24.5098
24.3418
24.1454
23.9233
23.6784
23.4137
23.1323
22.8374
22.5322
22.22
21.9038
21.5869
21.2721
20.9622
20.66
20.3678
20.0879
19.8221
19.5722
19.3394
19.1249
18.9295
18.7535
18.5972
18.4604
18.3425
18.243
18.1607
18.0945
18.0428
18.004
17.9762
17.9574
17.9455
17.9383
17.9335
17.9289
17.922
17.9108
17.893
17.8666
17.8294
17.7798
17.7161
17.6367
17.5405
17.4263
17.2933
17.1409
16.9687
16.7765
16.5645
16.3329
16.0823
15.8134
15.5271
15.2245
14.9068
14.5754
14.2317
13.8774
13.514
13.1432
12.7667
12.3862
12.0031
11.6192
11.2359
10.8545
10.4763
10.1025
9.734
9.37163
9.01605
8.66772
8.32695
7.99386
7.6684
7.35035
7.03934
6.73483
6.43617
6.14257
5.85316
5.56695
5.28293
5
4.71707
4.43305
4.14684
3.85743
3.56383
3.26517
2.96066
2.64965
2.3316
2.00614
1.67305
1.33228
0.983954
0.62837
0.266004
-0.102497
-0.476316
-0.854479
-1.23586
-1.6192
-2.00313
-2.38616
-2.76674
-3.14324
-3.51402
-3.87739
-4.23172
-4.57536
-4.90677
-5.22447
-5.52709
-5.8134
-6.08231
-6.33292
-6.56449
-6.77651
-6.96867
-7.14088
-7.2933
-7.4263
-7.54051
-7.63675
-7.7161
-7.77983
-7.82943
-7.86655
-7.89303
-7.91083
-7.92205
-7.92886
-7.93352
-7.9383
-7.94551
-7.9574
-7.97618
-8.00398
-8.04279
-8.09448
-8.16072
-8.24298
-8.34253
-8.46036
-8.59721
-8.75353
-8.92949
-9.12494
-9.33941
-9.57216
-9.82212
-10.0879
-10.3678
-10.66
-10.9622
-11.2721
-11.5869
-11.9038
-12.22
-12.5322
-12.8374
-13.1323
-13.4137
-13.6784
-13.9233
-14.1454
-14.3418
-14.5098
-14.647
-14.7512
-14.8204
-14.8531
-14.8479
-14.8039
-14.7207
-14.5978
-14.4357
-14.2349
-13.9964
-13.7215
-13.412
-13.0701
-12.6981
-12.2988
-11.8752
-11.4307
-10.9687
-10.4929
-10.0072
-9.5155
-9.02171
-8.52985
-8.04385
-7.56758
-7.10475
-6.65892
-6.23343
-5.83136
-5.4555
-5.10831
-4.79189
-4.50796
-4.25783
-4.04241
-3.86213
-3.717
-3.6066
-3.53004
-3.48599
-3.47271
-3.48807
-3.52952
-3.59418
-3.67885
-3.78003
-3.89397
-4.01673
-4.1442
-4.27215
-4.39631
-4.51236
-4.61605
-4.70319
-4.76974
-4.81183
-4.82583
-4.80838
-4.75642
-4.66725
-4.53856
-4.36843
-4.1554
-3.89845
-3.59702
-3.25106
-2.86096
-2.42761
-1.95238
-1.43708
-0.883961
-0.295692
0.32467
0.973718
1.64772
2.34269
3.05438
3.77839
4.51014
5.24502
5.97833
6.70543
7.42172
8.12274
8.80419
9.46199
10.0923
10.6916
11.2568
11.785
12.2738
12.7213
13.1259
13.4866
13.8029
14.0747
14.3022
14.4865
14.6288
14.731
14.795
14.8237
14.8198
14.7867
14.7279
14.6471
14.5485
14.4361
14.3142
14.187
14.0589
13.9341
13.8168
13.7109
13.6203
13.5486
13.4991
13.4748
13.4782
13.5118
13.5774
13.6764
13.8099
13.9784
14.1821
14.4208
14.6936
14.9993
15.3365
15.703
16.0967
16.5147
16.9541
17.4116
17.8838
18.367
18.8573
19.3509
19.8438
20.3319
20.8115
21.2784
21.7292
22.1601
22.5679
22.9493
23.3015
23.6221
23.9087
24.1595
24.3731
24.5482
24.6841
24.7806
24.8376
24.8556
24.8354
24.7782
24.6855
24.5591
24.401
24.2138
24
23.7624
23.504
23.2278
22.937
22.6349
22.3247
22.0095
21.6924
21.3766
21.0648
20.7598
20.464
20.1797
19.909
19.6536
19.415
19.1943
18.9925
18.81
18.6471
18.5038
18.3797
18.2742
18.1863
18.1149
18.0585
18.0156
17.9843
17.9628
17.9488
17.9403
17.935
17.9305
17.9247
17.9152
17.8998
17.8765
17.8431
17.7979
17.739
17.665
17.5745
17.4664
17.3398
17.1939
17.0283
16.8428
16.6374
16.4123
16.1679
15.905
15.6244
15.3271
15.0143
14.6873
14.3475
13.9966
13.636
13.2676
12.8928
12.5134
12.131
11.7472
11.3635
10.9813
10.6019
10.2266
9.85618
9.49169
9.13379
8.783
8.43969
8.10404
7.77605
7.45557
7.14226
6.83565
6.53512
6.23993
5.94922
5.66206
5.37743
5.09425
4.81145
4.52791
4.24255
3.95432
3.66222
3.36534
3.06286
2.75408
2.43842
2.11546
1.78493
1.44672
1.10089
0.747679
0.38751
0.0209713
-0.351176
-0.728008
-1.10845
-1.49129
-1.87518
-2.25868
-2.64025
-3.0183
-3.39117
-3.75719
-4.11472
-4.4621
-4.79775
-5.12018
-5.42797
-5.71984
-5.99467
-6.25146
-6.48945
-6.70803
-6.90683
-7.08569
-7.24468
-7.38409
-7.50448
-7.6066
-7.69145
-7.76023
-7.81437
-7.85545
-7.88527
-7.90573
-7.91891
-7.92694
-7.93206
-7.93655
-7.9427
-7.95278
-7.96902
-7.99359
-8.02851
-8.07571
-8.13692
-8.2137
-8.30736
-8.419
-8.54945
-8.69925
-8.86866
-9.05764
-9.26585
-9.49261
-9.73697
-9.99764
-10.2731
-10.5614
-10.8605
-11.1681
-11.4816
-11.7981
-12.1149
-12.4288
-12.7367
-13.0354
-13.3216
-13.5922
-13.8441
-14.0741
-14.2793
-14.4571
-14.6048
-14.7202
-14.8013
-14.8463
-14.8539
-14.8229
-14.7528
-14.6432
-14.4941
-14.3061
-14.08
-13.8171
-13.5189
-13.1875
-12.8252
-12.4347
-12.0189
-11.581
-11.1244
-10.6528
-10.17
-9.67983
-9.18629
-8.69334
-8.20496
-7.72502
-7.25731
-6.80543
-6.37281
-5.96261
-5.57772
-5.22072
-4.89383
-4.5989
-4.33739
-4.11032
-3.9183
-3.76149
-3.63959
-3.55187
-3.49716
-3.47384
-3.47992
-3.51297
-3.57024
-3.64861
-3.74469
-3.85481
-3.97508
-4.10144
-4.22971
-4.35561
-4.47484
-4.58312
-4.67623
-4.75009
-4.80075
-4.8245
-4.81788
-4.77774
-4.70126
-4.58597
-4.42984
-4.23125
-3.98902
-3.70245
-3.37131
-2.99585
-2.57679
-2.11535
-1.61317
-1.07238
-0.495506
0.11452
0.754405
1.42052
2.10896
2.81556
3.53596
4.26565
5
5.73435
6.46404
7.18444
7.89104
8.57948
9.24559
9.88548
10.4955
11.0724
11.6132
12.1153
12.5768
12.9959
13.3713
13.7025
13.989
14.2313
14.4298
14.586
14.7013
14.7777
14.8179
14.8245
14.8007
14.7501
14.6762
14.5831
14.4748
14.3556
14.2297
14.1014
13.9751
13.8548
13.7447
13.6486
13.5702
13.513
13.4799
13.4738
13.4972
13.5519
13.6396
13.7615
13.9183
14.1103
14.3374
14.5989
14.8938
15.2207
15.5777
15.9626
16.3728
16.8054
17.2573
17.725
18.205
18.6933
19.1863
19.6798
20.17
20.6528
21.1244
21.581
22.0189
22.4347
22.8252
23.1875
23.5189
23.8171
24.08
24.3061
24.4941
24.6432
24.7528
24.8229
24.8539
24.8463
24.8013
24.7202
24.6048
24.4571
24.2793
24.0741
23.8441
23.5922
23.3216
23.0354
22.7367
22.4288
22.1149
21.7981
21.4816
21.1681
20.8605
20.5614
20.2731
19.9976
19.737
19.4926
19.2658
19.0576
18.8687
18.6992
18.5494
18.419
18.3074
18.2137
18.1369
18.0757
18.0285
17.9936
17.969
17.9528
17.9427
17.9366
17.9321
17.9269
17.9189
17.9057
17.8853
17.8555
17.8144
17.7602
17.6914
17.6066
17.5045
17.3841
17.2447
17.0857
16.9068
16.708
16.4894
16.2515
15.9947
15.7198
15.428
15.1202
14.7978
14.4621
14.1147
13.7572
13.3912
13.0183
12.6403
12.2587
11.8752
11.4913
11.1085
10.728
10.3512
9.97903
9.61249
9.25232
8.89911
8.55328
8.21507
7.88454
7.56158
7.24592
6.93714
6.63466
6.33778
6.04568
5.75745
5.47209
5.18855
4.90575
4.62257
4.33794
4.05078
3.76007
3.46488
3.16435
2.85774
2.54443
2.22395
1.89596
1.56031
1.217
0.866212
0.508307
0.143815
-0.226557
-0.60194
-0.981308
-1.36349
-1.74719
-2.13098
-2.51337
-2.89277
-3.26755
-3.63605
-3.99659
-4.34753
-4.68727
-5.01426
-5.32708
-5.6244
-5.90502
-6.16792
-6.41225
-6.63735
-6.84278
-7.02828
-7.19387
-7.33977
-7.46642
-7.57453
-7.66502
-7.73901
-7.79786
-7.8431
-7.87647
-7.89983
-7.9152
-7.9247
-7.93054
-7.93498
-7.94032
-7.94884
-7.96279
-7.98434
-8.0156
-8.0585
-8.11486
-8.18629
-8.27419
-8.37973
-8.50383
-8.64714
-8.81001
-8.99249
-9.19435
-9.41501
-9.65363
-9.90903
-10.1797
-10.464
-10.7598
-11.0648
-11.3766
-11.6924
-12.0095
-12.3247
-12.6349
-12.937
-13.2278
-13.504
-13.7624
-14
-14.2138
-14.401
-14.5591
-14.6855
-14.7782
-14.8354
-14.8556
-14.8376
-14.7806
-14.6841
-14.5482
-14.3731
-14.1595
-13.9087
-13.6221
-13.3015
-12.9493
-12.5679
-12.1601
-11.7292
-11.2784
-10.8115
-10.3319
-9.84379
-9.35093
-8.85734
-8.367
-7.88382
-7.41163
-6.95408
-6.51468
-6.09667
-5.70304
-5.33647
-4.99932
-4.69356
-4.42077
-4.18214
-3.9784
-3.80986
-3.67638
-3.57738
-3.51182
-3.47824
-3.47477
-3.49912
-3.54865
-3.62035
-3.71092
-3.81678
-3.93411
-4.0589
-4.187
-4.31417
-4.4361
-4.54851
-4.64714
-4.72786
-4.78667
-4.81979
-4.82366
-4.79503
-4.73095
-4.62885
-4.48653
-4.30225
-4.07467
-3.80293
-3.48664
-3.12589
-2.72126
-2.27378
-1.78497
-1.25679
-0.691633
-0.0923092
0.53801
1.19581
1.87726
2.57828
3.29457
4.02167
4.75498
5.48986
6.22161
6.94562
7.65731
8.35228
9.02628
9.67533
10.2957
10.884
11.4371
11.9524
12.4276
12.861
13.2511
13.597
13.8984
14.1554
14.3684
14.5386
14.6672
14.7564
14.8084
14.8258
14.8118
14.7697
14.7032
14.616
14.5124
14.3963
14.2722
14.1442
14.0167
13.894
13.78
13.6788
13.5942
13.5295
13.4881
13.4727
13.486
13.53
13.6066
13.717
13.8621
14.0424
14.2578
14.508
14.7919
15.1083
15.4555
15.8314
16.2334
16.6589
17.1047
17.5676
18.0438
18.5298
19.0217
19.5155
20.0072
20.4929
20.9687
21.4307
21.8752
22.2988
22.6981
23.0701
23.412
23.7215
23.9964
24.2349
24.4357
24.5978
24.7207
24.8039
24.8479
24.8531
24.8204
24.7512
24.647
24.5098
24.3418
24.1454
23.9233
23.6784
23.4137
23.1323
22.8374
22.5322
22.22
21.9038
21.5869
21.2721
20.9622
20.66
20.3678
20.0879
19.8221
19.5722
19.3394
19.1249
18.9295
18.7535
18.5972
18.4604
18.3425
18.243
18.1607
18.0945
18.0428
18.004
17.9762
17.9574
17.9455
17.9383
17.9335
17.9289
17.922
17.9108
17.893
17.8666
17.8294
17.7798
17.7161
17.6367
17.5405
17.4263
17.2933
17.1409
16.9687
16.7765
16.5645
16.3329
16.0823
15.8134
15.5271
15.2245
14.9068
14.5754
14.2317
13.8774
13.514
13.1432
12.7667
12.3862
12.0031
11.6192
11.2359
10.8545
10.4763
10.1025
9.734
9.37163
9.01605
8.66772
8.32695
7.99386
7.6684
7.35035
7.03934
6.73483
6.43617
6.14257
5.85316
5.56695
5.28293
5
4.71707
4.43305
4.14684
3.85743
3.56383
3.26517
2.96066
2.64965
2.3316
2.00614
1.67305
1.33228
0.983954
0.62837
0.266004
-0.102497
-0.476316
-0.854479
-1.23586
-1.6192
-2.00313
-2.38616
-2.76674
-3.14324
-3.51402
-3.87739
-4.23172
-4.57536
-4.90677
-5.22447
-5.52709
-5.8134
-6.08231
-6.33292
-6.56449
-6.77651
-6.96867
-7.14088
-7.2933
-7.4263
-7.54051
-7.63675
-7.7161
-7.77983
-7.82943
-7.86655
-7.89303
-7.91083
-7.92205
-7.92886
-7.93352
-7.9383
-7.94551
-7.9574
-7.97618
-8.00398
-8.04279
-8.09448
-8.16072
-8.24298
-8.34253
-8.46036
-8.59721
-8.75353
-8.92949
-9.12494
-9.33941
-9.57216
-9.82212
-10.0879
-10.3678
-10.66
-10.9622
-11.2721
-11.5869
-11.9038
-12.22
-12.5322
-12.8374
-13.1323
-13.4137
-13.6784
-13.9233
-14.1454
-14.3418
-14.5098
-14.647
-14.7512
-14.8204
-14.8531
-14.8479
-14.8039
-14.7207
-14.5978
-14.4357
-14.2349
-13.9964
-13.7215
-13.412
-13.0701
-12.6981
-12.2988
-11.8752
-11.4307
-10.9687
-10.4929
-10.0072
-9.5155
-9.02171
-8.52985
-8.04385
-7.56758
-7.10475
-6.65892
-6.23343
-5.83136
-5.4555
-5.10831
-4.79189
-4.50796
-4.25783
-4.04241
-3.86213
-3.717
-3.6066
-3.53004
-3.48599
-3.47271
-3.48807
-3.52952
-3.59418
-3.67885
-3.78003
-3.89397
-4.01673
-4.1442
-4.27215
-4.39631
-4.51236
-4.61605
-4.70319
-4.76974
-4.81183
-4.82583
-4.80838
-4.75642
-4.66725
-4.53856
-4.36843
-4.1554
-3.89845
-3.59702
-3.25106
-2.86096
-2.42761
-1.95238
-1.43708
-0.883961
-0.295692
0.32467
0.973718
1.64772
2.34269
3.05438
3.77839
4.51014
5.24502
5.97833
6.70543
7.42172
8.12274
8.80419
9.46199
10.0923
10.6916
11.2568
11.785
12.2738
12.7213
13.1259
13.4866
13.8029
14.0747
14.3022
14.4865
14.6288
14.731
14.795
14.8237
14.8198
14.7867
14.7279
14.6471
14.5485
14.4361
14.3142
14.187
14.0589
13.9341
13.8168
13.7109
13.6203
13.5486
13.4991
13.4748
13.4782
13.5118
13.5774
13.6764
13.8099
13.9784
14.1821
14.4208
14.6936
14.9993
15.3365
15.703
16.0967
16.5147
16.9541
17.4116
17.8838
18.367
18.8573
19.3509
19.8438
20.3319
20.8115
21.2784
21.7292
22.1601
22.5679
22.9493
23.3015
23.6221
23.9087
24.1595
24.3731
24.5482
24.6841
24.7806
24.8376
24.8556
24.8354
24.7782
24.6855
24.5591
24.401
24.2138
24
23.7624
23.504
23.2278
22.937
22.6349
22.3247
22.0095
21.6924
21.3766
21.0648
20.7598
20.464
20.1797
19.909
19.6536
19.415
19.1943
18.9925
18.81
18.6471
18.5038
18.3797
18.2742
18.1863
18.1149
18.0585
18.0156
17.9843
17.9628
17.9488
17.9403
17.935
17.9305
17.9247
17.9152
17.8998
17.8765
17.8431
17.7979
17.739
17.665
17.5745
17.4664
17.3398
17.1939
17.0283
16.8428
16.6374
16.4123
16.1679
15.905
15.6244
15.3271
15.0143
14.6873
14.3475
13.9966
13.636
13.2676
12.8928
12.5134
12.131
11.7472
11.3635
10.9813
10.6019
10.2266
9.85618
9.49169
9.13379
8.783
8.43969
8.10404
7.77605
7.45557
7.14226
6.83565
6.53512
6.23993
5.94922
5.66206
5.37743
5.09425
4.81145
4.52791
4.24255
3.95432
3.66222
3.36534
3.06286
2.75408
2.43842
2.11546
1.78493
1.44672
1.10089
0.747679
0.38751
0.0209713
-0.351176
-0.728008
-1.10845
-1.49129
-1.87518
-2.25868
-2.64025
-3.0183
-3.39117
-3.75719
-4.11472
-4.4621
-4.79775
-5.12018
-5.42797
-5.71984
-5.99467
-6.25146
-6.48945
-6.70803
-6.90683
-7.08569
-7.24468
-7.38409
-7.50448
-7.6066
-7.69145
-7.76023
-7.81437
-7.85545
-7.88527
-7.90573
-7.91891
-7.92694
-7.93206
-7.93655
-7.9427
-7.95278
-7.96902
-7.99359
-8.02851
-8.07571
-8.13692
-8.2137
-8.30736
-8.419
-8.54945
-8.69925
-8.86866
-9.05764
-9.26585
-9.49261
-9.73697
-9.99764
-10.2731
-10.5614
-10.8605
-11.1681
-11.4816
-11.7981
-12.1149
-12.4288
-12.7367
-13.0354
-13.3216
-13.5922
-13.8441
-14.0741
-14.2793
-14.4571
-14.6048
-14.7202
-14.8013
-14.8463
-14.8539
-14.8229
-14.7528
-14.6432
-14.4941
-14.3061
-14.08
-13.8171
-13.5189
-13.1875
-12.8252
-12.4347
-12.0189
-11.581
-11.1244
-10.6528
-10.17
-9.67983
-9.18629
-8.69334
-8.20496
-7.72502
-7.25731
-6.80543
-6.37281
-5.96261
-5.57772
-5.22072
-4.89383
-4.5989
-4.33739
-4.11032
-3.9183
-3.76149
-3.63959
-3.55187
-3.49716
-3.47384
-3.47992
-3.51297
-3.57024
-3.64861
-3.74469
-3.85481
-3.97508
-4.10144
-4.22971
-4.35561
-4.47484
-4.58312
-4.67623
-4.75009
-4.80075
-4.8245
-4.81788
-4.77774
-4.70126
-4.58597
-4.42984
-4.23125
-3.98902
-3.70245
-3.37131
-2.99585
-2.57679
-2.11535
-1.61317
-1.07238
-0.495506
0.11452
0.754405
1.42052
2.10896
2.81556
3.53596
4.26565
